0 [1, 2, 3, 4, 5, 7, 6, 0, 10, 11, 8, 9]
k [1, 2, 3, 4, 5, 7, 6, 8, 10, 11, 0, 9]
l [1, 2, 3, 4, 5, 7, 6, 8, 10, 11, 9, 0]
h [1, 2, 3, 4, 5, 7, 6, 0, 10, 11, 9, 8]
c [1, 2, 0, 4, 5, 7, 6, 3, 10, 11, 9, 8]
g [1, 2, 6, 4, 5, 7, 0, 3, 10, 11, 9, 8]
f [1, 2, 6, 4, 5, 0, 7, 3, 10, 11, 9, 8]
k [1, 2, 6, 4, 5, 9, 7, 3, 10, 11, 0, 8]
j [1, 2, 6, 4, 5, 9, 7, 3, 10, 0, 11, 8]
i [1, 2, 6, 4, 5, 9, 7, 3, 0, 10, 11, 8]
f [1, 2, 6, 4, 5, 0, 7, 3, 9, 10, 11, 8]
c [1, 2, 0, 4, 5, 6, 7, 3, 9, 10, 11, 8]
h [1, 2, 3, 4, 5, 6, 7, 0, 9, 10, 11, 8]
l [1, 2, 3, 4, 5, 6, 7, 8, 9, 10, 11, 0]
