[1, 2, 3, 4, 5, 6, 7, 8, 9, 0, 10, 11]
[1, 2, 3, 4, 0, 6, 7, 8, 9, 5, 10, 11]
[1, 2, 3, 4, 9, 6, 7, 8, 0, 5, 10, 11]
[1, 2, 3, 4, 9, 6, 7, 8, 5, 0, 10, 11]
[1, 2, 3, 4, 0, 6, 7, 8, 5, 9, 10, 11]
[1, 2, 3, 4, 5, 6, 7, 8, 0, 9, 10, 11]
[1, 2, 3, 4, 5, 0, 7, 8, 6, 9, 10, 11]
[1, 2, 3, 4, 0, 5, 7, 8, 6, 9, 10, 11]
[1, 2, 3, 4, 6, 5, 7, 8, 0, 9, 10, 11]
[1, 2, 3, 4, 6, 5, 7, 8, 9, 0, 10, 11]
[1, 2, 3, 4, 0, 5, 7, 8, 9, 6, 10, 11]
[1, 2, 3, 4, 9, 5, 7, 8, 0, 6, 10, 11]
[1, 2, 3, 4, 9, 5, 7, 8, 6, 0, 10, 11]
[1, 2, 3, 4, 9, 5, 7, 8, 6, 10, 0, 11]
[1, 2, 3, 4, 9, 0, 7, 8, 6, 10, 5, 11]
[1, 2, 3, 4, 0, 9, 7, 8, 6, 10, 5, 11]
[1, 2, 3, 4, 6, 9, 7, 8, 0, 10, 5, 11]
[1, 2, 3, 4, 6, 9, 7, 8, 10, 0, 5, 11]
[1, 2, 3, 4, 0, 9, 7, 8, 10, 6, 5, 11]
[1, 2, 3, 4, 10, 9, 7, 8, 0, 6, 5, 11]
[1, 2, 3, 4, 10, 9, 7, 8, 6, 0, 5, 11]
[1, 2, 3, 4, 10, 9, 7, 8, 6, 5, 0, 11]
[1, 2, 3, 4, 10, 0, 7, 8, 6, 5, 9, 11]
[1, 2, 3, 4, 0, 10, 7, 8, 6, 5, 9, 11]
[1, 2, 3, 4, 6, 10, 7, 8, 0, 5, 9, 11]
[1, 2, 3, 4, 6, 10, 7, 8, 5, 0, 9, 11]
[1, 2, 3, 4, 0, 10, 7, 8, 5, 6, 9, 11]
[1, 2, 3, 4, 5, 10, 7, 8, 0, 6, 9, 11]
[1, 2, 3, 4, 5, 10, 7, 8, 6, 0, 9, 11]
[1, 2, 3, 4, 5, 10, 7, 8, 6, 9, 0, 11]
[1, 2, 3, 4, 5, 10, 7, 8, 6, 9, 11, 0]
[1, 2, 3, 4, 5, 10, 0, 8, 6, 9, 11, 7]
[1, 0, 3, 4, 5, 10, 2, 8, 6, 9, 11, 7]
[0, 1, 3, 4, 5, 10, 2, 8, 6, 9, 11, 7]
[5, 1, 3, 4, 0, 10, 2, 8, 6, 9, 11, 7]
[5, 1, 3, 4, 6, 10, 2, 8, 0, 9, 11, 7]
[5, 1, 3, 4, 6, 10, 2, 8, 9, 0, 11, 7]
[5, 1, 3, 4, 0, 10, 2, 8, 9, 6, 11, 7]
[5, 1, 3, 4, 9, 10, 2, 8, 0, 6, 11, 7]
[5, 1, 3, 4, 9, 10, 2, 8, 6, 0, 11, 7]
[5, 1, 3, 4, 9, 10, 2, 8, 6, 11, 0, 7]
[5, 1, 3, 4, 9, 0, 2, 8, 6, 11, 10, 7]
[5, 1, 3, 4, 0, 9, 2, 8, 6, 11, 10, 7]
[5, 1, 3, 4, 6, 9, 2, 8, 0, 11, 10, 7]
[5, 1, 3, 4, 6, 9, 2, 8, 11, 0, 10, 7]
[5, 1, 3, 4, 0, 9, 2, 8, 11, 6, 10, 7]
[5, 1, 3, 4, 11, 9, 2, 8, 0, 6, 10, 7]
[5, 1, 3, 4, 11, 9, 2, 8, 6, 0, 10, 7]
[5, 1, 3, 4, 11, 9, 2, 8, 6, 10, 0, 7]
[5, 1, 3, 4, 11, 0, 2, 8, 6, 10, 9, 7]
[5, 1, 3, 4, 0, 11, 2, 8, 6, 10, 9, 7]
[5, 1, 3, 4, 6, 11, 2, 8, 0, 10, 9, 7]
[5, 1, 3, 4, 6, 11, 2, 8, 10, 0, 9, 7]
[5, 1, 3, 4, 0, 11, 2, 8, 10, 6, 9, 7]
[5, 1, 3, 4, 10, 11, 2, 8, 0, 6, 9, 7]
[5, 1, 3, 4, 10, 11, 2, 8, 6, 0, 9, 7]
[5, 1, 3, 4, 10, 11, 2, 8, 6, 9, 0, 7]
[5, 1, 3, 4, 10, 0, 2, 8, 6, 9, 11, 7]
[5, 1, 3, 4, 10, 6, 2, 8, 0, 9, 11, 7]
[5, 1, 3, 4, 10, 6, 2, 8, 9, 0, 11, 7]
[5, 1, 3, 4, 0, 6, 2, 8, 9, 10, 11, 7]
[5, 1, 3, 4, 9, 6, 2, 8, 0, 10, 11, 7]
[5, 1, 3, 4, 9, 6, 2, 8, 10, 0, 11, 7]
[5, 1, 3, 4, 0, 6, 2, 8, 10, 9, 11, 7]
[5, 1, 3, 4, 6, 0, 2, 8, 10, 9, 11, 7]
[5, 1, 3, 4, 6, 9, 2, 8, 10, 0, 11, 7]
[5, 1, 3, 4, 0, 9, 2, 8, 10, 6, 11, 7]
[5, 1, 3, 4, 10, 9, 2, 8, 0, 6, 11, 7]
[5, 1, 3, 4, 10, 9, 2, 8, 6, 0, 11, 7]
[5, 1, 3, 4, 0, 9, 2, 8, 6, 10, 11, 7]
[5, 1, 3, 4, 6, 9, 2, 8, 0, 10, 11, 7]
[5, 1, 3, 4, 6, 0, 2, 8, 9, 10, 11, 7]
[5, 1, 3, 4, 6, 11, 2, 8, 9, 10, 0, 7]
[5, 1, 3, 4, 6, 11, 2, 8, 9, 0, 10, 7]
[5, 1, 3, 4, 0, 11, 2, 8, 9, 6, 10, 7]
[5, 1, 3, 4, 9, 11, 2, 8, 0, 6, 10, 7]
[5, 1, 3, 4, 9, 11, 2, 8, 6, 0, 10, 7]
[5, 1, 3, 4, 0, 11, 2, 8, 6, 9, 10, 7]
[5, 1, 3, 4, 6, 11, 2, 8, 0, 9, 10, 7]
[5, 1, 3, 4, 6, 0, 2, 8, 11, 9, 10, 7]
[5, 1, 3, 4, 0, 6, 2, 8, 11, 9, 10, 7]
[5, 1, 3, 4, 11, 6, 2, 8, 0, 9, 10, 7]
[5, 1, 3, 4, 11, 6, 2, 8, 9, 0, 10, 7]
[5, 1, 3, 4, 0, 6, 2, 8, 9, 11, 10, 7]
[5, 1, 3, 4, 9, 6, 2, 8, 0, 11, 10, 7]
[5, 1, 3, 4, 9, 6, 2, 8, 11, 0, 10, 7]
[5, 1, 3, 4, 9, 6, 2, 8, 11, 10, 0, 7]
[5, 1, 3, 4, 9, 0, 2, 8, 11, 10, 6, 7]
[5, 1, 3, 4, 0, 9, 2, 8, 11, 10, 6, 7]
[5, 1, 3, 4, 11, 9, 2, 8, 0, 10, 6, 7]
[5, 1, 3, 4, 11, 9, 2, 8, 10, 0, 6, 7]
[5, 1, 3, 4, 0, 9, 2, 8, 10, 11, 6, 7]
[5, 1, 3, 4, 10, 9, 2, 8, 0, 11, 6, 7]
[5, 1, 3, 4, 10, 9, 2, 8, 11, 0, 6, 7]
[5, 1, 3, 4, 10, 9, 2, 8, 11, 6, 0, 7]
[5, 1, 3, 4, 10, 0, 2, 8, 11, 6, 9, 7]
[5, 1, 3, 4, 0, 10, 2, 8, 11, 6, 9, 7]
[5, 1, 3, 4, 11, 10, 2, 8, 0, 6, 9, 7]
[5, 1, 3, 4, 11, 10, 2, 8, 6, 0, 9, 7]
[5, 1, 3, 4, 0, 10, 2, 8, 6, 11, 9, 7]
[5, 1, 3, 4, 6, 10, 2, 8, 0, 11, 9, 7]
[5, 1, 3, 4, 6, 10, 2, 8, 11, 0, 9, 7]
[5, 1, 3, 4, 6, 10, 2, 8, 11, 9, 0, 7]
[5, 1, 3, 4, 6, 10, 2, 8, 11, 9, 7, 0]
[5, 1, 3, 4, 6, 10, 0, 8, 11, 9, 7, 2]
[5, 0, 3, 4, 6, 10, 1, 8, 11, 9, 7, 2]
[0, 5, 3, 4, 6, 10, 1, 8, 11, 9, 7, 2]
[6, 5, 3, 4, 0, 10, 1, 8, 11, 9, 7, 2]
[6, 5, 3, 4, 11, 10, 1, 8, 0, 9, 7, 2]
[6, 5, 3, 4, 11, 10, 1, 8, 9, 0, 7, 2]
[6, 5, 3, 4, 0, 10, 1, 8, 9, 11, 7, 2]
[6, 5, 3, 4, 9, 10, 1, 8, 0, 11, 7, 2]
[6, 5, 3, 4, 9, 10, 1, 8, 11, 0, 7, 2]
[6, 5, 3, 4, 9, 10, 1, 8, 11, 7, 0, 2]
[6, 5, 3, 4, 9, 0, 1, 8, 11, 7, 10, 2]
[6, 5, 3, 4, 0, 9, 1, 8, 11, 7, 10, 2]
[6, 5, 3, 4, 11, 9, 1, 8, 0, 7, 10, 2]
[6, 5, 3, 4, 11, 9, 1, 8, 7, 0, 10, 2]
[6, 5, 3, 4, 0, 9, 1, 8, 7, 11, 10, 2]
[6, 5, 3, 4, 7, 9, 1, 8, 0, 11, 10, 2]
[6, 5, 3, 4, 7, 9, 1, 8, 11, 0, 10, 2]
[6, 5, 3, 4, 7, 9, 1, 8, 11, 10, 0, 2]
[6, 5, 3, 4, 7, 0, 1, 8, 11, 10, 9, 2]
[6, 5, 3, 4, 0, 7, 1, 8, 11, 10, 9, 2]
[6, 5, 3, 4, 11, 7, 1, 8, 0, 10, 9, 2]
[6, 5, 3, 4, 11, 7, 1, 8, 10, 0, 9, 2]
[6, 5, 3, 4, 0, 7, 1, 8, 10, 11, 9, 2]
[6, 5, 3, 4, 10, 7, 1, 8, 0, 11, 9, 2]
[6, 5, 3, 4, 10, 7, 1, 8, 11, 0, 9, 2]
[6, 5, 3, 4, 10, 7, 1, 8, 11, 9, 0, 2]
[6, 5, 3, 4, 10, 0, 1, 8, 11, 9, 7, 2]
[6, 5, 3, 4, 10, 11, 1, 8, 0, 9, 7, 2]
[6, 5, 3, 4, 10, 11, 1, 8, 9, 0, 7, 2]
[6, 5, 3, 4, 0, 11, 1, 8, 9, 10, 7, 2]
[6, 5, 3, 4, 9, 11, 1, 8, 0, 10, 7, 2]
[6, 5, 3, 4, 9, 11, 1, 8, 10, 0, 7, 2]
[6, 5, 3, 4, 0, 11, 1, 8, 10, 9, 7, 2]
[6, 5, 3, 4, 11, 0, 1, 8, 10, 9, 7, 2]
[6, 5, 3, 4, 11, 9, 1, 8, 10, 0, 7, 2]
[6, 5, 3, 4, 0, 9, 1, 8, 10, 11, 7, 2]
[6, 5, 3, 4, 10, 9, 1, 8, 0, 11, 7, 2]
[6, 5, 3, 4, 10, 9, 1, 8, 11, 0, 7, 2]
[6, 5, 3, 4, 0, 9, 1, 8, 11, 10, 7, 2]
[6, 5, 3, 4, 11, 9, 1, 8, 0, 10, 7, 2]
[6, 5, 3, 4, 11, 0, 1, 8, 9, 10, 7, 2]
[6, 5, 3, 4, 11, 7, 1, 8, 9, 10, 0, 2]
[6, 5, 3, 4, 11, 7, 1, 8, 9, 0, 10, 2]
[6, 5, 3, 4, 0, 7, 1, 8, 9, 11, 10, 2]
[6, 5, 3, 4, 9, 7, 1, 8, 0, 11, 10, 2]
[6, 5, 3, 4, 9, 7, 1, 8, 11, 0, 10, 2]
[6, 5, 3, 4, 0, 7, 1, 8, 11, 9, 10, 2]
[6, 5, 3, 4, 11, 7, 1, 8, 0, 9, 10, 2]
[6, 5, 3, 4, 11, 0, 1, 8, 7, 9, 10, 2]
[6, 5, 3, 4, 0, 11, 1, 8, 7, 9, 10, 2]
[6, 5, 3, 4, 7, 11, 1, 8, 0, 9, 10, 2]
[6, 5, 3, 4, 7, 11, 1, 8, 9, 0, 10, 2]
[6, 5, 3, 4, 0, 11, 1, 8, 9, 7, 10, 2]
[6, 5, 3, 4, 9, 11, 1, 8, 0, 7, 10, 2]
[6, 5, 3, 4, 9, 11, 1, 8, 7, 0, 10, 2]
[6, 5, 3, 4, 9, 11, 1, 8, 7, 10, 0, 2]
[6, 5, 3, 4, 9, 0, 1, 8, 7, 10, 11, 2]
[6, 5, 3, 4, 0, 9, 1, 8, 7, 10, 11, 2]
[6, 5, 3, 4, 7, 9, 1, 8, 0, 10, 11, 2]
[6, 5, 3, 4, 7, 9, 1, 8, 10, 0, 11, 2]
[6, 5, 3, 4, 0, 9, 1, 8, 10, 7, 11, 2]
[6, 5, 3, 4, 10, 9, 1, 8, 0, 7, 11, 2]
[6, 5, 3, 4, 10, 9, 1, 8, 7, 0, 11, 2]
[6, 5, 3, 4, 10, 9, 1, 8, 7, 11, 0, 2]
[6, 5, 3, 4, 10, 0, 1, 8, 7, 11, 9, 2]
[6, 5, 3, 4, 0, 10, 1, 8, 7, 11, 9, 2]
[6, 5, 3, 4, 7, 10, 1, 8, 0, 11, 9, 2]
[6, 5, 3, 4, 7, 10, 1, 8, 11, 0, 9, 2]
[6, 5, 3, 4, 0, 10, 1, 8, 11, 7, 9, 2]
[6, 5, 3, 4, 11, 10, 1, 8, 0, 7, 9, 2]
[6, 5, 3, 4, 11, 10, 1, 8, 7, 0, 9, 2]
[6, 5, 3, 4, 11, 10, 1, 8, 7, 9, 0, 2]
[6, 5, 3, 4, 11, 10, 1, 8, 7, 9, 2, 0]
[6, 5, 3, 4, 11, 10, 0, 8, 7, 9, 2, 1]
[6, 0, 3, 4, 11, 10, 5, 8, 7, 9, 2, 1]
[0, 6, 3, 4, 11, 10, 5, 8, 7, 9, 2, 1]
[11, 6, 3, 4, 0, 10, 5, 8, 7, 9, 2, 1]
[11, 6, 3, 4, 7, 10, 5, 8, 0, 9, 2, 1]
[11, 6, 3, 4, 7, 10, 5, 8, 9, 0, 2, 1]
[11, 6, 3, 4, 0, 10, 5, 8, 9, 7, 2, 1]
[11, 6, 3, 4, 9, 10, 5, 8, 0, 7, 2, 1]
[11, 6, 3, 4, 9, 10, 5, 8, 7, 0, 2, 1]
[11, 6, 3, 4, 9, 10, 5, 8, 7, 2, 0, 1]
[11, 6, 3, 4, 9, 0, 5, 8, 7, 2, 10, 1]
[11, 6, 3, 4, 0, 9, 5, 8, 7, 2, 10, 1]
[11, 6, 3, 4, 7, 9, 5, 8, 0, 2, 10, 1]
[11, 6, 3, 4, 7, 9, 5, 8, 2, 0, 10, 1]
[11, 6, 3, 4, 0, 9, 5, 8, 2, 7, 10, 1]
[11, 6, 3, 4, 2, 9, 5, 8, 0, 7, 10, 1]
[11, 6, 3, 4, 2, 9, 5, 8, 7, 0, 10, 1]
[11, 6, 3, 4, 2, 9, 5, 8, 7, 10, 0, 1]
[11, 6, 3, 4, 2, 0, 5, 8, 7, 10, 9, 1]
[11, 6, 3, 4, 0, 2, 5, 8, 7, 10, 9, 1]
[11, 6, 3, 4, 7, 2, 5, 8, 0, 10, 9, 1]
[11, 6, 3, 4, 7, 2, 5, 8, 10, 0, 9, 1]
[11, 6, 3, 4, 0, 2, 5, 8, 10, 7, 9, 1]
[11, 6, 3, 4, 10, 2, 5, 8, 0, 7, 9, 1]
[11, 6, 3, 4, 10, 2, 5, 8, 7, 0, 9, 1]
[11, 6, 3, 4, 10, 2, 5, 8, 7, 9, 0, 1]
[11, 6, 3, 4, 10, 0, 5, 8, 7, 9, 2, 1]
[11, 6, 3, 4, 10, 7, 5, 8, 0, 9, 2, 1]
[11, 6, 3, 4, 10, 7, 5, 8, 9, 0, 2, 1]
[11, 6, 3, 4, 0, 7, 5, 8, 9, 10, 2, 1]
[11, 6, 3, 4, 9, 7, 5, 8, 0, 10, 2, 1]
[11, 6, 3, 4, 9, 7, 5, 8, 10, 0, 2, 1]
[11, 6, 3, 4, 0, 7, 5, 8, 10, 9, 2, 1]
[11, 6, 3, 4, 7, 0, 5, 8, 10, 9, 2, 1]
[11, 6, 3, 4, 7, 9, 5, 8, 10, 0, 2, 1]
[11, 6, 3, 4, 0, 9, 5, 8, 10, 7, 2, 1]
[11, 6, 3, 4, 10, 9, 5, 8, 0, 7, 2, 1]
[11, 6, 3, 4, 10, 9, 5, 8, 7, 0, 2, 1]
[11, 6, 3, 4, 0, 9, 5, 8, 7, 10, 2, 1]
[11, 6, 3, 4, 7, 9, 5, 8, 0, 10, 2, 1]
[11, 6, 3, 4, 7, 0, 5, 8, 9, 10, 2, 1]
[11, 6, 3, 4, 7, 2, 5, 8, 9, 10, 0, 1]
[11, 6, 3, 4, 7, 2, 5, 8, 9, 0, 10, 1]
[11, 6, 3, 4, 0, 2, 5, 8, 9, 7, 10, 1]
[11, 6, 3, 4, 9, 2, 5, 8, 0, 7, 10, 1]
[11, 6, 3, 4, 9, 2, 5, 8, 7, 0, 10, 1]
[11, 6, 3, 4, 0, 2, 5, 8, 7, 9, 10, 1]
[11, 6, 3, 4, 7, 2, 5, 8, 0, 9, 10, 1]
[11, 6, 3, 4, 7, 0, 5, 8, 2, 9, 10, 1]
[11, 6, 3, 4, 0, 7, 5, 8, 2, 9, 10, 1]
[11, 6, 3, 4, 2, 7, 5, 8, 0, 9, 10, 1]
[11, 6, 3, 4, 2, 7, 5, 8, 9, 0, 10, 1]
[11, 6, 3, 4, 0, 7, 5, 8, 9, 2, 10, 1]
[11, 6, 3, 4, 9, 7, 5, 8, 0, 2, 10, 1]
[11, 6, 3, 4, 9, 7, 5, 8, 2, 0, 10, 1]
[11, 6, 3, 4, 9, 7, 5, 8, 2, 10, 0, 1]
[11, 6, 3, 4, 9, 0, 5, 8, 2, 10, 7, 1]
[11, 6, 3, 4, 0, 9, 5, 8, 2, 10, 7, 1]
[11, 6, 3, 4, 2, 9, 5, 8, 0, 10, 7, 1]
[11, 6, 3, 4, 2, 9, 5, 8, 10, 0, 7, 1]
[11, 6, 3, 4, 0, 9, 5, 8, 10, 2, 7, 1]
[11, 6, 3, 4, 10, 9, 5, 8, 0, 2, 7, 1]
[11, 6, 3, 4, 10, 9, 5, 8, 2, 0, 7, 1]
[11, 6, 3, 4, 10, 9, 5, 8, 2, 7, 0, 1]
[11, 6, 3, 4, 10, 0, 5, 8, 2, 7, 9, 1]
[11, 6, 3, 4, 0, 10, 5, 8, 2, 7, 9, 1]
[11, 6, 3, 4, 2, 10, 5, 8, 0, 7, 9, 1]
[11, 6, 3, 4, 2, 10, 5, 8, 7, 0, 9, 1]
[11, 6, 3, 4, 0, 10, 5, 8, 7, 2, 9, 1]
[11, 6, 3, 4, 7, 10, 5, 8, 0, 2, 9, 1]
[11, 6, 3, 4, 7, 10, 5, 8, 2, 0, 9, 1]
[11, 6, 3, 4, 7, 10, 5, 8, 2, 9, 0, 1]
[11, 6, 3, 4, 7, 10, 5, 8, 2, 9, 1, 0]
[11, 6, 3, 4, 7, 10, 0, 8, 2, 9, 1, 5]
[11, 0, 3, 4, 7, 10, 6, 8, 2, 9, 1, 5]
[0, 11, 3, 4, 7, 10, 6, 8, 2, 9, 1, 5]
[7, 11, 3, 4, 0, 10, 6, 8, 2, 9, 1, 5]
[7, 11, 3, 4, 2, 10, 6, 8, 0, 9, 1, 5]
[7, 11, 3, 4, 2, 10, 6, 8, 9, 0, 1, 5]
[7, 11, 3, 4, 0, 10, 6, 8, 9, 2, 1, 5]
[7, 11, 3, 4, 9, 10, 6, 8, 0, 2, 1, 5]
[7, 11, 3, 4, 9, 10, 6, 8, 2, 0, 1, 5]
[7, 11, 3, 4, 9, 10, 6, 8, 2, 1, 0, 5]
[7, 11, 3, 4, 9, 0, 6, 8, 2, 1, 10, 5]
[7, 11, 3, 4, 0, 9, 6, 8, 2, 1, 10, 5]
[7, 11, 3, 4, 2, 9, 6, 8, 0, 1, 10, 5]
[7, 11, 3, 4, 2, 9, 6, 8, 1, 0, 10, 5]
[7, 11, 3, 4, 0, 9, 6, 8, 1, 2, 10, 5]
[7, 11, 3, 4, 1, 9, 6, 8, 0, 2, 10, 5]
[7, 11, 3, 4, 1, 9, 6, 8, 2, 0, 10, 5]
[7, 11, 3, 4, 1, 9, 6, 8, 2, 10, 0, 5]
[7, 11, 3, 4, 1, 0, 6, 8, 2, 10, 9, 5]
[7, 11, 3, 4, 0, 1, 6, 8, 2, 10, 9, 5]
[7, 11, 3, 4, 2, 1, 6, 8, 0, 10, 9, 5]
[7, 11, 3, 4, 2, 1, 6, 8, 10, 0, 9, 5]
[7, 11, 3, 4, 0, 1, 6, 8, 10, 2, 9, 5]
[7, 11, 3, 4, 10, 1, 6, 8, 0, 2, 9, 5]
[7, 11, 3, 4, 10, 1, 6, 8, 2, 0, 9, 5]
[7, 11, 3, 4, 10, 1, 6, 8, 2, 9, 0, 5]
[7, 11, 3, 4, 10, 0, 6, 8, 2, 9, 1, 5]
[7, 11, 3, 4, 10, 2, 6, 8, 0, 9, 1, 5]
[7, 11, 3, 4, 10, 2, 6, 8, 9, 0, 1, 5]
[7, 11, 3, 4, 0, 2, 6, 8, 9, 10, 1, 5]
[7, 11, 3, 4, 9, 2, 6, 8, 0, 10, 1, 5]
[7, 11, 3, 4, 9, 2, 6, 8, 10, 0, 1, 5]
[7, 11, 3, 4, 0, 2, 6, 8, 10, 9, 1, 5]
[7, 11, 3, 4, 2, 0, 6, 8, 10, 9, 1, 5]
[7, 11, 3, 4, 2, 9, 6, 8, 10, 0, 1, 5]
[7, 11, 3, 4, 0, 9, 6, 8, 10, 2, 1, 5]
[7, 11, 3, 4, 10, 9, 6, 8, 0, 2, 1, 5]
[7, 11, 3, 4, 10, 9, 6, 8, 2, 0, 1, 5]
[7, 11, 3, 4, 0, 9, 6, 8, 2, 10, 1, 5]
[7, 11, 3, 4, 2, 9, 6, 8, 0, 10, 1, 5]
[7, 11, 3, 4, 2, 0, 6, 8, 9, 10, 1, 5]
[7, 11, 3, 4, 2, 1, 6, 8, 9, 10, 0, 5]
[7, 11, 3, 4, 2, 1, 6, 8, 9, 0, 10, 5]
[7, 11, 3, 4, 0, 1, 6, 8, 9, 2, 10, 5]
[7, 11, 3, 4, 9, 1, 6, 8, 0, 2, 10, 5]
[7, 11, 3, 4, 9, 1, 6, 8, 2, 0, 10, 5]
[7, 11, 3, 4, 0, 1, 6, 8, 2, 9, 10, 5]
[7, 11, 3, 4, 2, 1, 6, 8, 0, 9, 10, 5]
[7, 11, 3, 4, 2, 0, 6, 8, 1, 9, 10, 5]
[7, 11, 3, 4, 0, 2, 6, 8, 1, 9, 10, 5]
[7, 11, 3, 4, 1, 2, 6, 8, 0, 9, 10, 5]
[7, 11, 3, 4, 1, 2, 6, 8, 9, 0, 10, 5]
[7, 11, 3, 4, 0, 2, 6, 8, 9, 1, 10, 5]
[7, 11, 3, 4, 9, 2, 6, 8, 0, 1, 10, 5]
[7, 11, 3, 4, 9, 2, 6, 8, 1, 0, 10, 5]
[7, 11, 3, 4, 9, 2, 6, 8, 1, 10, 0, 5]
[7, 11, 3, 4, 9, 0, 6, 8, 1, 10, 2, 5]
[7, 11, 3, 4, 0, 9, 6, 8, 1, 10, 2, 5]
[7, 11, 3, 4, 1, 9, 6, 8, 0, 10, 2, 5]
[7, 11, 3, 4, 1, 9, 6, 8, 10, 0, 2, 5]
[7, 11, 3, 4, 0, 9, 6, 8, 10, 1, 2, 5]
[7, 11, 3, 4, 10, 9, 6, 8, 0, 1, 2, 5]
[7, 11, 3, 4, 10, 9, 6, 8, 1, 0, 2, 5]
[7, 11, 3, 4, 10, 9, 6, 8, 1, 2, 0, 5]
[7, 11, 3, 4, 10, 0, 6, 8, 1, 2, 9, 5]
[7, 11, 3, 4, 0, 10, 6, 8, 1, 2, 9, 5]
[7, 11, 3, 4, 1, 10, 6, 8, 0, 2, 9, 5]
[7, 11, 3, 4, 1, 10, 6, 8, 2, 0, 9, 5]
[7, 11, 3, 4, 0, 10, 6, 8, 2, 1, 9, 5]
[7, 11, 3, 4, 2, 10, 6, 8, 0, 1, 9, 5]
[7, 11, 3, 4, 2, 10, 6, 8, 1, 0, 9, 5]
[7, 11, 3, 4, 2, 10, 6, 8, 1, 9, 0, 5]
[7, 11, 3, 4, 2, 10, 6, 8, 1, 9, 5, 0]
[7, 11, 3, 4, 2, 10, 0, 8, 1, 9, 5, 6]
[7, 0, 3, 4, 2, 10, 11, 8, 1, 9, 5, 6]
[0, 7, 3, 4, 2, 10, 11, 8, 1, 9, 5, 6]
[2, 7, 3, 4, 0, 10, 11, 8, 1, 9, 5, 6]
[2, 7, 3, 4, 1, 10, 11, 8, 0, 9, 5, 6]
[2, 7, 3, 4, 1, 10, 11, 8, 9, 0, 5, 6]
[2, 7, 3, 4, 0, 10, 11, 8, 9, 1, 5, 6]
[2, 7, 3, 4, 9, 10, 11, 8, 0, 1, 5, 6]
[2, 7, 3, 4, 9, 10, 11, 8, 1, 0, 5, 6]
[2, 7, 3, 4, 9, 10, 11, 8, 1, 5, 0, 6]
[2, 7, 3, 4, 9, 0, 11, 8, 1, 5, 10, 6]
[2, 7, 3, 4, 0, 9, 11, 8, 1, 5, 10, 6]
[2, 7, 3, 4, 1, 9, 11, 8, 0, 5, 10, 6]
[2, 7, 3, 4, 1, 9, 11, 8, 5, 0, 10, 6]
[2, 7, 3, 4, 0, 9, 11, 8, 5, 1, 10, 6]
[2, 7, 3, 4, 5, 9, 11, 8, 0, 1, 10, 6]
[2, 7, 3, 4, 5, 9, 11, 8, 1, 0, 10, 6]
[2, 7, 3, 4, 5, 9, 11, 8, 1, 10, 0, 6]
[2, 7, 3, 4, 5, 0, 11, 8, 1, 10, 9, 6]
[2, 7, 3, 4, 0, 5, 11, 8, 1, 10, 9, 6]
[2, 7, 3, 4, 1, 5, 11, 8, 0, 10, 9, 6]
[2, 7, 3, 4, 1, 5, 11, 8, 10, 0, 9, 6]
[2, 7, 3, 4, 0, 5, 11, 8, 10, 1, 9, 6]
[2, 7, 3, 4, 10, 5, 11, 8, 0, 1, 9, 6]
[2, 7, 3, 4, 10, 5, 11, 8, 1, 0, 9, 6]
[2, 7, 3, 4, 10, 5, 11, 8, 1, 9, 0, 6]
[2, 7, 3, 4, 10, 0, 11, 8, 1, 9, 5, 6]
[2, 7, 3, 4, 10, 1, 11, 8, 0, 9, 5, 6]
[2, 7, 3, 4, 10, 1, 11, 8, 9, 0, 5, 6]
[2, 7, 3, 4, 0, 1, 11, 8, 9, 10, 5, 6]
[2, 7, 3, 4, 9, 1, 11, 8, 0, 10, 5, 6]
[2, 7, 3, 4, 9, 1, 11, 8, 10, 0, 5, 6]
[2, 7, 3, 4, 0, 1, 11, 8, 10, 9, 5, 6]
[2, 7, 3, 4, 1, 0, 11, 8, 10, 9, 5, 6]
[2, 7, 3, 4, 1, 9, 11, 8, 10, 0, 5, 6]
[2, 7, 3, 4, 0, 9, 11, 8, 10, 1, 5, 6]
[2, 7, 3, 4, 10, 9, 11, 8, 0, 1, 5, 6]
[2, 7, 3, 4, 10, 9, 11, 8, 1, 0, 5, 6]
[2, 7, 3, 4, 0, 9, 11, 8, 1, 10, 5, 6]
[2, 7, 3, 4, 1, 9, 11, 8, 0, 10, 5, 6]
[2, 7, 3, 4, 1, 0, 11, 8, 9, 10, 5, 6]
[2, 7, 3, 4, 1, 5, 11, 8, 9, 10, 0, 6]
[2, 7, 3, 4, 1, 5, 11, 8, 9, 0, 10, 6]
[2, 7, 3, 4, 0, 5, 11, 8, 9, 1, 10, 6]
[2, 7, 3, 4, 9, 5, 11, 8, 0, 1, 10, 6]
[2, 7, 3, 4, 9, 5, 11, 8, 1, 0, 10, 6]
[2, 7, 3, 4, 0, 5, 11, 8, 1, 9, 10, 6]
[2, 7, 3, 4, 1, 5, 11, 8, 0, 9, 10, 6]
[2, 7, 3, 4, 1, 0, 11, 8, 5, 9, 10, 6]
[2, 7, 3, 4, 0, 1, 11, 8, 5, 9, 10, 6]
[2, 7, 3, 4, 5, 1, 11, 8, 0, 9, 10, 6]
[2, 7, 3, 4, 5, 1, 11, 8, 9, 0, 10, 6]
[2, 7, 3, 4, 0, 1, 11, 8, 9, 5, 10, 6]
[2, 7, 3, 4, 9, 1, 11, 8, 0, 5, 10, 6]
[2, 7, 3, 4, 9, 1, 11, 8, 5, 0, 10, 6]
[2, 7, 3, 4, 9, 1, 11, 8, 5, 10, 0, 6]
[2, 7, 3, 4, 9, 0, 11, 8, 5, 10, 1, 6]
[2, 7, 3, 4, 0, 9, 11, 8, 5, 10, 1, 6]
[2, 7, 3, 4, 5, 9, 11, 8, 0, 10, 1, 6]
[2, 7, 3, 4, 5, 9, 11, 8, 10, 0, 1, 6]
[2, 7, 3, 4, 0, 9, 11, 8, 10, 5, 1, 6]
[2, 7, 3, 4, 10, 9, 11, 8, 0, 5, 1, 6]
[2, 7, 3, 4, 10, 9, 11, 8, 5, 0, 1, 6]
[2, 7, 3, 4, 10, 9, 11, 8, 5, 1, 0, 6]
[2, 7, 3, 4, 10, 0, 11, 8, 5, 1, 9, 6]
[2, 7, 3, 4, 0, 10, 11, 8, 5, 1, 9, 6]
[2, 7, 3, 4, 5, 10, 11, 8, 0, 1, 9, 6]
[2, 7, 3, 4, 5, 10, 11, 8, 1, 0, 9, 6]
[2, 7, 3, 4, 0, 10, 11, 8, 1, 5, 9, 6]
[2, 7, 3, 4, 1, 10, 11, 8, 0, 5, 9, 6]
[2, 7, 3, 4, 1, 10, 11, 8, 5, 0, 9, 6]
[2, 7, 3, 4, 1, 10, 11, 8, 5, 9, 0, 6]
[2, 7, 3, 4, 1, 10, 11, 8, 5, 9, 6, 0]
[2, 7, 3, 4, 1, 10, 0, 8, 5, 9, 6, 11]
[2, 0, 3, 4, 1, 10, 7, 8, 5, 9, 6, 11]
[0, 2, 3, 4, 1, 10, 7, 8, 5, 9, 6, 11]
[1, 2, 3, 4, 0, 10, 7, 8, 5, 9, 6, 11]
[1, 2, 3, 4, 5, 10, 7, 8, 0, 9, 6, 11]
[1, 2, 3, 4, 5, 10, 7, 8, 9, 0, 6, 11]
[1, 2, 3, 4, 0, 10, 7, 8, 9, 5, 6, 11]
[1, 2, 3, 4, 9, 10, 7, 8, 0, 5, 6, 11]
[1, 2, 3, 4, 9, 10, 7, 8, 5, 0, 6, 11]
[1, 2, 3, 4, 9, 10, 7, 8, 5, 6, 0, 11]
[1, 2, 3, 4, 9, 0, 7, 8, 5, 6, 10, 11]
[1, 2, 3, 4, 0, 9, 7, 8, 5, 6, 10, 11]
[1, 2, 3, 4, 5, 9, 7, 8, 0, 6, 10, 11]
[1, 2, 3, 4, 5, 9, 7, 8, 6, 0, 10, 11]
[1, 2, 3, 4, 0, 9, 7, 8, 6, 5, 10, 11]
[1, 2, 3, 4, 6, 9, 7, 8, 0, 5, 10, 11]
[1, 2, 3, 4, 6, 9, 7, 8, 5, 0, 10, 11]
[1, 2, 3, 4, 6, 9, 7, 8, 5, 10, 0, 11]
[1, 2, 3, 4, 6, 0, 7, 8, 5, 10, 9, 11]
[1, 2, 3, 4, 0, 6, 7, 8, 5, 10, 9, 11]
[1, 2, 3, 4, 5, 6, 7, 8, 0, 10, 9, 11]
[1, 2, 3, 4, 5, 6, 7, 8, 10, 0, 9, 11]
[1, 2, 3, 4, 0, 6, 7, 8, 10, 5, 9, 11]
[1, 2, 3, 4, 10, 6, 7, 8, 0, 5, 9, 11]
[1, 2, 3, 4, 10, 6, 7, 8, 5, 0, 9, 11]
[1, 2, 3, 4, 10, 6, 7, 8, 5, 9, 0, 11]
[1, 2, 3, 4, 10, 0, 7, 8, 5, 9, 6, 11]
[1, 2, 3, 4, 10, 5, 7, 8, 0, 9, 6, 11]
[1, 2, 3, 4, 10, 5, 7, 8, 9, 0, 6, 11]
[1, 2, 3, 4, 0, 5, 7, 8, 9, 10, 6, 11]
[1, 2, 3, 4, 9, 5, 7, 8, 0, 10, 6, 11]
[1, 2, 3, 4, 9, 5, 7, 8, 10, 0, 6, 11]
[1, 2, 3, 4, 0, 5, 7, 8, 10, 9, 6, 11]
[1, 2, 3, 4, 5, 0, 7, 8, 10, 9, 6, 11]
[1, 2, 3, 4, 5, 9, 7, 8, 10, 0, 6, 11]
[1, 2, 3, 4, 0, 9, 7, 8, 10, 5, 6, 11]
[1, 2, 3, 4, 10, 9, 7, 8, 0, 5, 6, 11]
[1, 2, 3, 4, 10, 9, 7, 8, 5, 0, 6, 11]
[1, 2, 3, 4, 0, 9, 7, 8, 5, 10, 6, 11]
[1, 2, 3, 4, 5, 9, 7, 8, 0, 10, 6, 11]
[1, 2, 3, 4, 5, 0, 7, 8, 9, 10, 6, 11]
[1, 2, 3, 4, 5, 6, 7, 8, 9, 10, 0, 11]
[1, 2, 3, 4, 5, 6, 7, 8, 9, 10, 11, 0]
